100807,100249
100073,100658
100930,100272
100544,100878
100923,100709
100440,100165
100492,100042
100987,100503
100327,100729
100840,100612
100303,100169
100709,100157
100560,100933
100099,100278
100816,100335
100097,100826
100512,100267
100810,100633
100979,100149
100579,100821
100967,100672
100393,100336
100485,100745
100228,100091
100194,100357
100001,100153
100708,100944
100668,100490
100124,100196
100530,100903
100722,100666
100549,100024
100801,100853
100977,100408
100228,100933
100298,100981
100635,100013
100865,100814
100063,100536
100425,100669
100115,100094
100629,100501
100517,100195
100105,100404
100451,100298
100188,100123
100505,100882
100752,100566
100716,100337
100438,100144
100501,100897
100871,100828
100137,100358
100177,100397
100294,100904
100609,100231
100745,100175
100635,100298
100142,100399
100968,100412
100260,100557
100594,100008
100395,100968
100113,100530
100006,100962
100942,100365
100082,100852
100767,100821
100695,100712
100671,100901
100590,100831
100738,100057
100616,100790
100640,100679
100335,100006
100972,100098
100095,100319
100454,100223
100289,100760
100905,100126
100123,100506
100813,100770
100238,100094
100220,100844
100366,100534
100226,100394
100363,100738
100844,100590
100550,100159
100623,100947
100385,100217
100272,100539
100247,100385
100496,100885
100623,100420
100144,100968
100735,100915
100625,100534
100042,100011
100679,100152
100244,100295
100818,100396
100692,100815
100991,100033
100669,100397
100553,100547
100825,100210
100662,100211
100808,100377
100761,100625
100335,100868
100995,100776
100767,100439
100874,100331
100556,100301
100872,100560
100094,100984
100755,100789
100407,100015
100193,100769
100680,100455
100855,100506
100963,100502
100676,100108
100249,100331
100844,100638
100808,100997
100651,100849
100203,100731
100531,100014
100419,100775
100009,100180
100929,100223
100054,100260
100737,100545
100317,100525
100200,100256
100564,100597
100648,100704
100550,100150
100976,100412
100554,100797
100504,100381
100748,100065
100378,100699
100209,100129
100553,100483
100447,100607
100773,100322
100305,100176
100053,100224
100630,100366
100400,100444
100370,100285
100016,100898
100155,100133
100557,100576
100178,100266
100357,100711
100878,100614
100819,100737
100133,100591
100720,100762
100633,100197
100031,100588
100589,100873
100877,100304
100358,100200
100254,100960
100915,100947
100480,100730
100955,100546
100107,100238
100000,100926
100035,100857
100113,100114
100593,100360
100354,100418
100357,100585
100729,100015
100563,100102
100917,100643
100419,100967
100747,100269
100395,100303
100473,100103
100748,100385
100658,100459
100406,100930
100824,100132
100973,100603
100897,100920
100950,100231
100480,100203
100900,100520
100533,100258
100003,100676
100950,100934
100780,100879
100832,100574
100549,100542
100249,100771
100310,100879
100983,100970
100040,100723
100650,100971
100229,100318
100746,100299
100230,100621
100776,100124
100244,100958
100696,100771
100064,100560
100598,100751
100940,100503
100551,100801
100205,100080
100418,100274
100649,100413
100320,100025
100012,100783
100788,100117
100008,100550
100324,100195
100257,100511
100690,100666
100410,100593
100553,100565
100960,100742
100403,100352
100307,100141
100910,100200
100799,100127
100171,100787
100414,100625
100641,100517
100348,100842
100315,100974
100445,100373
100220,100911
100239,100054
100305,100929
100253,100189
100166,100356
100304,100860
100898,100592
100720,100116
100580,100867
100352,100939
100698,100901
100811,100616
100891,100671
100728,100671
100661,100045
100120,100240
100158,100453
100627,100350
100711,100563
100594,100533
100727,100827
100795,100531
100442,100516
100006,100515
100924,100601
100097,100661
100103,100324
100108,100936
100281,100015
100710,100216
100905,100973
100781,100720
100791,100169
100865,100827
100536,100728
100125,100384
100167,100949
100476,100046
100576,100666
100467,100520
100384,100991
100210,100258
100211,100744
100518,100718
100934,100825
100767,100689
100818,100014
100825,100918
100028,100029
100034,100727
100240,100754
100540,100396
100935,100083
100048,100865
100011,100252
100064,100876
100237,100675
100245,100710
100415,100192
100710,100747
100037,100299
100447,100715
100693,100579
100129,100164
100979,100501
100525,100289
100958,100033
100800,100089
100670,100217
100846,100038
100543,100338
100936,100321
100719,100496
100247,100788
100359,100987
100035,100235
100912,100684
100989,100784
100734,100667
100519,100615
100045,100976
100661,100825
100819,100631
100903,100698
100798,100639
100004,100503
100679,100765
100391,100107
100924,100365
100121,100454
100106,100450
100703,100832
100032,100141
100654,100977
100217,100900
100289,100465
100747,100622
100879,100317
100516,100048
100762,100029
100039,100708
100903,100657
100761,100752
100466,100621
100557,100996
100955,100930
100494,100555
100221,100312
100293,100427
100232,100444
100791,100198
100152,100856
100570,100303
100439,100914
100799,100766
100835,100921
100043,100752
100086,100719
100150,100410
100623,100669
100605,100943
100311,100431
100992,100816
100699,100971
100639,100370
100836,100891
100857,100833
100328,100177
100410,100683
100176,100489
100091,100434
100711,100904
100026,100891
100790,100522
100364,100890
100884,100813
100441,100127
100179,100784
100537,100870
100561,100581
100165,100802
100732,100332
100854,100759
100847,100377
100462,100010
100819,100150
100377,100941
100836,100720
100299,100112
100759,100956
100390,100152
100048,100014
100044,100918
100150,100101
100295,100821
100731,100501
100245,100961
100057,100510
100928,100805
100173,100137
100669,100096
100503,100421
100675,100518
100300,100489
100262,100054
100263,100643
100889,100250
100735,100415
100364,100494
100963,100758
100652,100092
100316,100714
100420,100060
100450,100368
100741,100847
100196,100787
100501,100234
100128,100571
100448,100875
100253,100871
100329,100293
100719,100471
100820,100764
100079,100630
100410,100080
100113,100342
100138,100382
100044,100828
100393,100575
100980,100000
100596,100947
100370,100087
100543,100733
100852,100261
100824,100400
100380,100778
100857,100423
100498,100014
100845,100662
100509,100610
100849,100218
100290,100055
100743,100555
100385,100534
100275,100321
100151,100226
100251,100459
100783,100714
100437,100879
100698,100100
100137,100285
100878,100284
100342,100915
100960,100067
100140,100707
100566,100728
100562,100363
100969,100890
100623,100278
100313,100761
100010,100840
100978,100000
100394,100507
100656,100551
100786,100431
100544,100739
100776,100584
100252,100108
100514,100454
100019,100028
100671,100370
100663,100947
100024,100543
100854,100008
100981,100552
100288,100163
100359,100019
100379,100356
100461,100487
100353,100899
100788,100244
100880,100466
100283,100274
100236,100909
100567,100834
100939,100684
100651,100549
100266,100467
100110,100589
100327,100773
100581,100295
100936,100874
100435,100231
100972,100028
100798,100070
100587,100297
100089,100646
100090,100111
100612,100463
100112,100781
100951,100230
100321,100213
100128,100950
100600,100959
100754,100992
100194,100330
100632,100559
100777,100779
100632,100272
100383,100081
100153,100622
100521,100956
100818,100591
100900,100196
100120,100704
100599,100129
100144,100175
100870,100416
100599,100080
100618,100288
100452,100128
100800,100662
100840,100149
100385,100583
100515,100659
100878,100959
100561,100382
100048,100054
100440,100381
100770,100028
100251,100544
100869,100595
100469,100710
100172,100923
100125,100219
100850,100431
100243,100846
100869,100670
100394,100610
100392,100064
100524,100361
100519,100620
100562,100661
100725,100434
100949,100090
100322,100260
100093,100928
100122,100381
100366,100468
100023,100722
100639,100517
100793,100364
100178,100956
100771,100341
100355,100836
100489,100728
100120,100902
100312,100616
100347,100946
100851,100672
100811,100523
100736,100605
100607,100633
100866,100553
100412,100925
100040,100153
100257,100733
100295,100139
100251,100258
100694,100160
100138,100929
100875,100598
100292,100633
100562,100276
100236,100646
100873,100464
100484,100192
100119,100842
100328,100859
100262,100145
100716,100127
100172,100748
100000,100370
100398,100292
100545,100928
100300,100143
100192,100563
100783,100272
100801,100009
100221,100486
100513,100769
100531,100357
100819,100486
100856,100816
100254,100754
100814,100615
100537,100966
100297,100877
100760,100412
100191,100231
100174,100463
100877,100324
100784,100833
100750,100527
100999,100429
100609,100144
100364,100451
100812,100979
100134,100407
100583,100600
100259,100310
100753,100891
100321,100225
100253,100929
100096,100553
100661,100858
100491,100963
100920,100768
100687,100526
100472,100219
100641,100204
100951,100092
100445,100370
100474,100962
100176,100317
100826,100413
100344,100571
100979,100035
100129,100288
100848,100978
100617,100723
100838,100508
100929,100926
100968,100806
100199,100255
100829,100276
100488,100896
100819,100864
100137,100416
100318,100491
100683,100398
100120,100748
100961,100651
100018,100977
100946,100661
100478,100228
100063,100235
100506,100308
100968,100679
100119,100323
100677,100392
100953,100978
100853,100295
100271,100475
100204,100962
100032,100819
100531,100035
100610,100234
100270,100778
100265,100045
100279,100075
100327,100687
100363,100037
100766,100534
100083,100675
100184,100555
100156,100399
100664,100093
100886,100633
100924,100047
100194,100330
100767,100665
100910,100682
100805,100314
100652,100241
100585,100591
100806,100760
100960,100912
100403,100430
100085,100200
100585,100467
100484,100988
100200,100686
100100,100495
100199,100102
100428,100183
100917,100136
100802,100489
100578,100725
100789,100722
100595,100605
100319,100691
100721,100774
100514,100862
100706,100283
100626,100419
100801,100330
100644,100375
100258,100462
100131,100736
100720,100308
100024,100947
100508,100411
100397,100000
100314,100896
100999,100645
100533,100962
100539,100754
100821,100286
100536,100010
100662,100173
100493,100635
100988,100571
100838,100821
100891,100413
100560,100957
100092,100743
100775,100768
100413,100415
100636,100891
100347,100369
100832,100134
100928,100143
100879,100906
100054,100807
100537,100203
100421,100447
100034,100949
100416,100759
100938,100550
100183,100186
100096,100685
100524,100922
100363,100181
100012,100251
100202,100495
100536,100454
100208,100980
100031,100830
100095,100714
100112,100136
100937,100009
100685,100919
100381,100610
100908,100609
100439,100867
100119,100266
100999,100520
100515,100577
100922,100142
100980,100881
100885,100030
100325,100436
100994,100945
100602,100233
100480,100456
100834,100517
100881,100781
100458,100805
100992,100160
100651,100201
100542,100944
100635,100555
100872,100443
100322,100013
100441,100781
100779,100518
100160,100729
100955,100082
100364,100032
100313,100195
100328,100504
100855,100711
100881,100610
100904,100551
100616,100761
100864,100405
100122,100113
100943,100636
100118,100994
100188,100743
100639,100502
100343,100070
100219,100212
100317,100932
100782,100097
100859,100073
100590,100819
100010,100911
100015,100978
100542,100045
100270,100562
100008,100983
100099,100709
100213,100550
100951,100665
100502,100617
100953,100299
100916,100584
100869,100442
100503,100515
100329,100257
100382,100264
100352,100154
100526,100027
100755,100259
100952,100386
100422,100129
100786,100549
100879,100198
100890,100603
100686,100443
100827,100585
100198,100587
100817,100031
100476,100461
100563,100214
100383,100832
100722,100511
100791,100871
100142,100733
100553,100030
100380,100704
100915,100887
100110,100681
100558,100786
100433,100040
100659,100936
100562,100938
100754,100526
100526,100712
100595,100621
100177,100341
100158,100054
100020,100197
100727,100451
100462,100332
100937,100804
100057,100405
100907,100943
100258,100539
100343,100697
100281,100965
100457,100605
100117,100412
100624,100184
100459,100299
100216,100740
100851,100846
100922,100893
100615,100049
100361,100649
100231,100796
100123,100696
100444,100250
100238,100431
100359,100935
100265,100801
100387,100437
100948,100120
100424,100894
100775,100903
100989,100286
100845,100143
100257,100332
100261,100578
100104,100202
100031,100220
100686,100630
100643,100367
100648,100844
100317,100749
100125,100273
100863,100416
100680,100348
100979,100957
100814,100705
100189,100307
100905,100527
100614,100715
100308,100897
100449,100495
100029,100026
100866,100398
100985,100662
100518,100853
100579,100203
100383,100723
100559,100221
100174,100034
100675,100702
100436,100279
100915,100750
100013,100850
100492,100948
100083,100981
100847,100208
100706,100178
100306,100267
100114,100910
100470,100358
100617,100946
100304,100656
100663,100637
100898,100734
100656,100508
100012,100113
100280,100724
100104,100613
100073,100962
100979,100377
100269,100147
100631,100753
100633,100739
100520,100194
100597,100424
100871,100958
100320,100948
100018,100401
100517,100392
100613,100580
100356,100940
100594,100868
100670,100463
100649,100134
100425,100871
100891,100650
100217,100010
100654,100525
100901,100494
100392,100034
100970,100546
100187,100121
100565,100589
100971,100865
100160,100110
100775,100109
100694,100323
100534,100474
100414,100494
100423,100875
100077,100357
100627,100222
100574,100172
100839,100039
100183,100417
100530,100890
100606,100896
100012,100895
100938,100516
100321,100684
100227,100578
100460,100972
100487,100635
100581,100526
100194,100030
100295,100258
100419,100212
100443,100312
100706,100628
100593,100926
100226,100726
100733,100981
100296,100392
100061,100009
100377,100124
100522,100240
100052,100815
100180,100292
100151,100052
100973,100677
100417,100626
100465,100261
100739,100849
100007,100719
100430,100376
100825,100581
100327,100659
100497,100193
100225,100829
100822,100348
100553,100879
100468,100227
100424,100431
100277,100406
100500,100272
100601,100930
100698,100077
100549,100294
100127,100652
100059,100577
100670,100151
100224,100084
100020,100015
100219,100177
100695,100895
100664,100600
100118,100117
100723,100617
100754,100568
100587,100575
